f <- 
c(-2.32711614182103, -3.8539512337652, 4.5817753174972,
-3.31409696257237, -4.4980840487884, -3.26585500817522,
-3.27335474317445, 0.618008869249984, -2.45279602036553,
1.78306735024671, -3.79999381445559, -3.54670613070205,
-3.647110096413, 2.0144465631526, -1.45929856867363,
3.35348037902889, -4.42909742784996, -3.29794791273576,
-2.39992945555157, -2.49661200076373, -3.26307154810861,
5.69851558806065, 5.11070840034773, 1.58455591889018,
-0.68875948374167, -4.15788370935154, 0.997445169167589,
3.23996352056973, -0.827356571458865, -1.4214820409082)
x <- 
c(4.61980620835931, 2.15562719326597, 12.2314282734392,
1.13890264755555, 177.259203175678, 0.755770021844433,
0.718900708313169, 14.5837979800502, 1.46937344113877,
56.2097936189822, 5.1793213437405, 1.34601606769564,
5.46293882511261, 31.2411413143056, 3.05096278875398,
29.955397908002, 4.31794232506212, 0.896950512321347,
140.788430719409, 1.52547716057233, 0.417652077022515,
14.1334711515181, 53.5727052538452, 3.60158860642129,
41.8496462917657, 19.1611964530907, 14.0983693211564,
125.477921263347, 5.38028056379079, 8.19138980594707)
