N_obs <- 11
x_obs <- 
c(2.15562719326597, 12.2314282734392, 1.13890264755555,
177.259203175678, 0.755770021844433, 0.718900708313169,
14.5837979800502, 1.46937344113877, 56.2097936189822,
5.1793213437405, 1.34601606769564)
y_obs <- 
c(-6.01881388436848, 8.34478330021782, -2.36471811110489,
-4.10237098325548, -2.2292852915894, -1.36253532318711,
-0.00939369312432647, -2.53764667019213, 2.00693454590288,
-5.56922359931614, -4.11970532393754)
N_predict <- 30
